This is a result of 442:53432.000000
0 -92559631349317830736831783200707727132248687965119994463780864.000000 -858993460
1 2.156000 612498
2 3.951000 580583
3 5.586000 550064
4 7.068000 527419
5 8.529000 507408
6 9.859000 485847
7 11.159000 475310
8 12.331000 461288
9 13.475000 446876
10 14.542000 436167
11 15.552000 423534
12 16.517000 409473
13 17.433000 397598
14 18.328000 388832
15 19.178000 379078
16 19.993000 365955
17 20.781000 359439
18 21.526000 347415
19 22.338000 345640
20 23.085000 335413
21 23.788000 328819
22 24.419000 319672
23 25.036000 312997
24 25.645000 305145
25 26.226000 296126
26 26.810000 292537
27 27.355000 284372
28 27.879000 273443
29 28.436000 269895
30 28.930000 266111
31 29.406000 257772
32 29.874000 245849
33 30.317000 240818
34 30.759000 237689
35 31.188000 235270
36 31.612000 228563
37 32.016000 222612
38 32.412000 214164
39 32.796000 211535
40 33.171000 206460
41 33.577000 202472
42 33.937000 201086
43 34.290000 196785
44 34.638000 194275
45 34.966000 188272
46 35.289000 184980
47 35.602000 182522
48 35.912000 177638
49 36.211000 174288
50 36.503000 169200
51 36.785000 166302
52 37.060000 164056
53 37.330000 161716
54 37.597000 157814
55 37.852000 154876
56 38.099000 151621
57 38.382000 148667
58 38.621000 145298
59 38.855000 141173
60 39.078000 139471
61 39.299000 137851
62 39.515000 133278
63 39.725000 129703
64 39.930000 125510
65 40.137000 123337
66 40.330000 121823
67 40.524000 119732
68 40.709000 116886
69 40.893000 115439
70 41.071000 113565
71 41.245000 111359
72 41.417000 110581
73 41.584000 109244
74 41.747000 106980
75 41.912000 105444
76 42.070000 104063
77 42.225000 102969
78 42.379000 99193
79 42.531000 98367
80 42.678000 96569
81 42.826000 95363
82 42.968000 93973
83 43.111000 92055
84 43.252000 91287
85 43.417000 89663
86 43.573000 89607
87 43.706000 88554
88 43.834000 85977
89 43.960000 85361
90 44.087000 83576
91 44.211000 82203
92 44.334000 81802
93 44.453000 80209
94 44.570000 78964
95 44.692000 77823
96 44.811000 77575
97 44.925000 76537
98 45.036000 76012
99 45.147000 75120
100 45.257000 73675
101 45.366000 72915
102 45.474000 72618
103 45.582000 71781
104 45.686000 71377
105 45.792000 70798
106 45.896000 70318
107 45.997000 69813
108 46.098000 69027
109 46.202000 68488
110 46.304000 68290
111 46.405000 67400
112 46.508000 67196
113 46.608000 66975
114 46.707000 66415
115 46.801000 66196
116 46.896000 65546
117 46.991000 65044
118 47.086000 64451
119 47.181000 63217
120 47.275000 63141
121 47.371000 62444
122 47.469000 62385
123 47.560000 62174
124 47.654000 62174
125 47.746000 61678
126 47.837000 61279
127 47.926000 61279
128 48.013000 61007
129 48.101000 60319
130 48.189000 59703
131 48.300000 59610
132 48.401000 59610
133 48.489000 59239
134 48.578000 59239
135 48.669000 58740
136 48.754000 58615
137 48.841000 58416
138 48.928000 58416
139 49.013000 58354
140 49.097000 57793
141 49.183000 57713
142 49.275000 57559
143 49.361000 57452
144 49.446000 57088
145 49.538000 56835
146 49.625000 56735
147 49.710000 56735
148 49.795000 56324
149 49.878000 56064
150 49.960000 56046
151 50.044000 55706
152 50.127000 55457
153 50.210000 55457
154 50.293000 55457
155 50.375000 55333
156 50.459000 55173
157 50.540000 55056
158 50.623000 54754
159 50.708000 54754
160 50.790000 54754
161 50.874000 54754
162 50.957000 54617
163 51.038000 54558
164 51.120000 54558
165 51.201000 54537
166 51.283000 54537
167 51.365000 54464
168 51.445000 54438
169 51.526000 54438
170 51.607000 54365
171 51.690000 54237
172 51.771000 54237
173 51.854000 54203
174 51.936000 54203
175 52.019000 54167
176 52.101000 54094
177 52.183000 54094
178 52.267000 54094
179 52.348000 54094
180 52.429000 53970
181 52.509000 53970
182 52.595000 53970
183 52.676000 53970
184 52.756000 53879
185 52.835000 53879
186 52.916000 53755
187 52.993000 53602
188 53.075000 53561
189 53.158000 53502
190 53.237000 53436
191 53.324000 53436
192 53.432000 53436
193 53.528000 53436
194 53.609000 53436
195 53.690000 53432
196 53.769000 53432
197 53.854000 53432
198 53.936000 53432
